0;0;-20;-43;-83;9.5;-1;-1;-1;-1;-1;-1;0;0;0;-1
0;0;-2;-42;-82;9.5;-1;-1;-1;-1;-1;-1;0;0;0;-1
0;0;12;-41;-84;9.5;-1;-1;-1;-1;-1;-1;0;0;0;-1
0;0;29;-42;-84;9.5;-1;-1;-1;-1;-1;-1;0;0;0;-1
0;0;-36;-25;-82;9.5;-1;-1;-1;-1;-1;-1;0;0;0;-1
0;0;-19;-23;-84;9.5;-1;-1;-1;-1;-1;-1;0;0;0;-1
0;0;-5;-23;-82;9.5;-1;-1;-1;-1;-1;-1;0;0;0;-1
0;0;13;-23;-85;9.5;-1;-1;-1;-1;-1;-1;0;0;0;-1
0;0;28;-24;-85;9.5;-1;-1;-1;-1;-1;-1;0;0;0;-1
0;0;44;-24;-83;9.5;-1;-1;-1;-1;-1;-1;0;0;0;-1
0;0;-52;-6;-83;9.5;-1;-1;-1;-1;-1;-1;0;0;0;-1
0;0;-34;-5;-83;9.5;-1;-1;-1;-1;-1;-1;0;0;0;-1
0;0;-20;-5;-84;9.5;-1;-1;-1;-1;-1;-1;0;0;0;-1
0;0;-5;-5;-84;9.5;-1;-1;-1;-1;-1;-1;0;0;0;-1
0;0;13;-3;-85;9.5;-1;-1;-1;-1;-1;-1;0;0;0;-1
0;0;28;-5;-84;9.5;-1;-1;-1;-1;-1;-1;0;0;0;-1
0;0;43;-5;-84;9.5;-1;-1;-1;-1;-1;-1;0;0;0;-1
0;0;-50;13;-83;9.5;-1;-1;-1;-1;-1;-1;0;0;0;-1
0;0;-35;12;-84;9.5;-1;-1;-1;-1;-1;-1;0;0;0;-1
0;0;-18;13;-83;9.5;-1;-1;-1;-1;-1;-1;0;0;0;-1
0;0;-2;13;-83;9.5;-1;-1;-1;-1;-1;-1;0;0;0;-1
0;0;10;13;-84;9.5;-1;-1;-1;-1;-1;-1;0;0;0;-1
0;0;28;13;-83;9.5;-1;-1;-1;-1;-1;-1;0;0;0;-1
0;0;44;13;-84;9.5;-1;-1;-1;-1;-1;-1;0;0;0;-1
0;0;-37;33;-82;9.5;-1;-1;-1;-1;-1;-1;0;0;0;-1
0;0;-20;34;-83;9.5;-1;-1;-1;-1;-1;-1;0;0;0;-1
0;0;-3;32;-83;9.5;-1;-1;-1;-1;-1;-1;0;0;0;-1
0;0;13;33;-81;9.5;-1;-1;-1;-1;-1;-1;0;0;0;-1
0;0;27;32;-83;9.5;-1;-1;-1;-1;-1;-1;0;0;0;-1
0;0;44;32;-82;9.5;-1;-1;-1;-1;-1;-1;0;0;0;-1
0;0;-17;49;-84;9.5;-1;-1;-1;-1;-1;-1;0;0;0;-1
0;0;-4;51;-82;9.5;-1;-1;-1;-1;-1;-1;0;0;0;-1
0;0;13;52;-84;9.5;-1;-1;-1;-1;-1;-1;0;0;0;-1
0;0;-34;-62;-68;9.5;-1;-1;-1;-1;-1;-1;0;0;0;-1
0;0;-20;-59;-67;9.5;-1;-1;-1;-1;-1;-1;0;0;0;-1
0;0;-1;-61;-67;9.5;-1;-1;-1;-1;-1;-1;0;0;0;-1
0;0;13;-62;-66;9.5;-1;-1;-1;-1;-1;-1;0;0;0;-1
0;0;27;-62;-68;9.5;-1;-1;-1;-1;-1;-1;0;0;0;-1
0;0;-51;-42;-67;9.5;-1;-1;-1;-1;-1;-1;0;0;0;-1
0;0;-35;-41;-67;9.5;-1;-1;-1;-1;-1;-1;0;0;0;-1
0;0;-18;-43;-67;9.5;-1;-1;-1;-1;-1;-1;0;0;0;-1
0;0;-3;-44;-66;9.5;-1;-1;-1;-1;-1;-1;0;0;0;-1
0;0;12;-43;-65;9.5;-1;-1;-1;-1;-1;-1;0;0;0;-1
0;0;29;-40;-66;9.5;-1;-1;-1;-1;-1;-1;0;0;0;-1
0;0;44;-42;-69;9.5;-1;-1;-1;-1;-1;-1;0;0;0;-1
0;0;-67;-24;-67;9.5;-1;-1;-1;-1;-1;-1;0;0;0;-1
0;0;-52;-25;-67;9.5;-1;-1;-1;-1;-1;-1;0;0;0;-1
0;0;-34;-23;-67;9.5;-1;-1;-1;-1;-1;-1;0;0;0;-1
0;0;-20;-23;-67;9.5;-1;-1;-1;-1;-1;-1;0;0;0;-1
0;0;-5;-25;-67;9.5;-1;-1;-1;-1;-1;-1;0;0;0;-1
0;0;14;-22;-67;9.5;-1;-1;-1;-1;-1;-1;0;0;0;-1
0;0;30;-24;-67;9.5;-1;-1;-1;-1;-1;-1;0;0;0;-1
0;0;43;-22;-67;9.5;-1;-1;-1;-1;-1;-1;0;0;0;-1
0;0;61;-24;-67;9.5;-1;-1;-1;-1;-1;-1;0;0;0;-1
0;0;-67;-4;-67;9.5;-1;-1;-1;-1;-1;-1;0;0;0;-1
0;0;-53;-5;-67;9.5;-1;-1;-1;-1;-1;-1;0;0;0;-1
0;0;-36;-4;-68;9.5;-1;-1;-1;-1;-1;-1;0;0;0;-1
0;0;-18;-4;-67;9.5;-1;-1;-1;-1;-1;-1;0;0;0;-1
0;0;-4;-5;-67;9.5;-1;-1;-1;-1;-1;-1;0;0;0;-1
0;0;13;-3;-66;9.5;-1;-1;-1;-1;-1;-1;0;0;0;-1
0;0;27;-3;-67;9.5;-1;-1;-1;-1;-1;-1;0;0;0;-1
0;0;45;-5;-68;9.5;-1;-1;-1;-1;-1;-1;0;0;0;-1
0;0;61;-4;-68;9.5;-1;-1;-1;-1;-1;-1;0;0;0;-1
0;0;-67;14;-66;9.5;-1;-1;-1;-1;-1;-1;0;0;0;-1
0;0;-51;14;-67;9.5;-1;-1;-1;-1;-1;-1;0;0;0;-1
0;0;-35;13;-66;9.5;-1;-1;-1;-1;-1;-1;0;0;0;-1
0;0;-20;15;-68;9.5;-1;-1;-1;-1;-1;-1;0;0;0;-1
0;0;-3;14;-65;9.5;-1;-1;-1;-1;-1;-1;0;0;0;-1
0;0;13;12;-69;9.5;-1;-1;-1;-1;-1;-1;0;0;0;-1
0;0;28;13;-67;9.5;-1;-1;-1;-1;-1;-1;0;0;0;-1
0;0;43;14;-67;9.5;-1;-1;-1;-1;-1;-1;0;0;0;-1
0;0;62;13;-67;9.5;-1;-1;-1;-1;-1;-1;0;0;0;-1
0;0;-51;33;-67;9.5;-1;-1;-1;-1;-1;-1;0;0;0;-1
0;0;-34;33;-66;9.5;-1;-1;-1;-1;-1;-1;0;0;0;-1
0;0;-20;34;-67;9.5;-1;-1;-1;-1;-1;-1;0;0;0;-1
0;0;-3;33;-66;9.5;-1;-1;-1;-1;-1;-1;0;0;0;-1
0;0;11;32;-66;9.5;-1;-1;-1;-1;-1;-1;0;0;0;-1
0;0;27;32;-67;9.5;-1;-1;-1;-1;-1;-1;0;0;0;-1
0;0;43;33;-68;9.5;-1;-1;-1;-1;-1;-1;0;0;0;-1
0;0;60;33;-66;9.5;-1;-1;-1;-1;-1;-1;0;0;0;-1
0;0;-52;51;-67;9.5;-1;-1;-1;-1;-1;-1;0;0;0;-1
0;0;-35;51;-69;9.5;-1;-1;-1;-1;-1;-1;0;0;0;-1
0;0;-23;51;-67;9.5;-1;-1;-1;-1;-1;-1;0;0;0;-1
0;0;-3;51;-67;9.5;-1;-1;-1;-1;-1;-1;0;0;0;-1
0;0;13;50;-67;9.5;-1;-1;-1;-1;-1;-1;0;0;0;-1
0;0;27;52;-68;9.5;-1;-1;-1;-1;-1;-1;0;0;0;-1
0;0;42;53;-66;9.5;-1;-1;-1;-1;-1;-1;0;0;0;-1
0;0;-18;70;-67;9.5;-1;-1;-1;-1;-1;-1;0;0;0;-1
0;0;-3;72;-67;9.5;-1;-1;-1;-1;-1;-1;0;0;0;-1
0;0;12;71;-68;9.5;-1;-1;-1;-1;-1;-1;0;0;0;-1
0;0;-19;-80;-50;9.5;-1;-1;-1;-1;-1;-1;0;0;0;-1
0;0;-3;-81;-52;9.5;-1;-1;-1;-1;-1;-1;0;0;0;-1
0;0;11;-83;-51;9.5;-1;-1;-1;-1;-1;-1;0;0;0;-1
0;0;29;-80;-50;9.5;-1;-1;-1;-1;-1;-1;0;0;0;-1
0;0;-52;-61;-50;9.5;-1;-1;-1;-1;-1;-1;0;0;0;-1
0;0;-35;-61;-49;9.5;-1;-1;-1;-1;-1;-1;0;0;0;-1
0;0;-18;-64;-50;9.5;-1;-1;-1;-1;-1;-1;0;0;0;-1
0;0;-3;-62;-50;9.5;-1;-1;-1;-1;-1;-1;0;0;0;-1
0;0;12;-62;-50;9.5;-1;-1;-1;-1;-1;-1;0;0;0;-1
0;0;28;-61;-52;9.5;-1;-1;-1;-1;-1;-1;0;0;0;-1
0;0;45;-61;-52;9.5;-1;-1;-1;-1;-1;-1;0;0;0;-1
0;0;59;-61;-50;9.5;-1;-1;-1;-1;-1;-1;0;0;0;-1
0;0;-66;-44;-52;9.5;-1;-1;-1;-1;-1;-1;0;0;0;-1
0;0;-52;-42;-51;9.5;-1;-1;-1;-1;-1;-1;0;0;0;-1
0;0;-36;-43;-50;9.5;-1;-1;-1;-1;-1;-1;0;0;0;-1
0;0;-19;-42;-50;9.5;-1;-1;-1;-1;-1;-1;0;0;0;-1
0;0;-3;-42;-53;9.5;-1;-1;-1;-1;-1;-1;0;0;0;-1
0;0;11;-43;-54;9.5;-1;-1;-1;-1;-1;-1;0;0;0;-1
0;0;26;-41;-52;9.5;-1;-1;-1;-1;-1;-1;0;0;0;-1
0;0;44;-43;-52;9.5;-1;-1;-1;-1;-1;-1;0;0;0;-1
0;0;59;-41;-52;9.5;-1;-1;-1;-1;-1;-1;0;0;0;-1
0;0;-83;-22;-51;9.5;-1;-1;-1;-1;-1;-1;0;0;0;-1
0;0;-69;-25;-53;9.5;-1;-1;-1;-1;-1;-1;0;0;0;-1
0;0;-49;-23;-51;9.5;-1;-1;-1;-1;-1;-1;0;0;0;-1
0;0;-36;-22;-53;9.5;-1;-1;-1;-1;-1;-1;0;0;0;-1
0;0;-18;-22;-52;9.5;-1;-1;-1;-1;-1;-1;0;0;0;-1
0;0;-3;-23;-50;9.5;-1;-1;-1;-1;-1;-1;0;0;0;-1
0;0;10;-24;-50;9.5;-1;-1;-1;-1;-1;-1;0;0;0;-1
0;0;28;-27;-51;9.5;-1;-1;-1;-1;-1;-1;0;0;0;-1
0;0;44;-25;-51;9.5;-1;-1;-1;-1;-1;-1;0;0;0;-1
0;0;60;-23;-52;9.5;-1;-1;-1;-1;-1;-1;0;0;0;-1
0;0;76;-24;-50;9.5;-1;-1;-1;-1;-1;-1;0;0;0;-1
0;0;-82;-4;-50;9.5;-1;-1;-1;-1;-1;-1;0;0;0;-1
0;0;-67;-4;-52;9.5;-1;-1;-1;-1;-1;-1;0;0;0;-1
0;0;-52;-4;-51;9.5;-1;-1;-1;-1;-1;-1;0;0;0;-1
0;0;-33;-4;-51;9.5;-1;-1;-1;-1;-1;-1;0;0;0;-1
0;0;-20;-6;-50;9.5;-1;-1;-1;-1;-1;-1;0;0;0;-1
0;0;-2;-5;-51;9.5;-1;-1;-1;-1;-1;-1;0;0;0;-1
0;0;13;-4;-52;9.5;-1;-1;-1;-1;-1;-1;0;0;0;-1
0;0;27;-5;-50;9.5;-1;-1;-1;-1;-1;-1;0;0;0;-1
0;0;43;-4;-51;9.5;-1;-1;-1;-1;-1;-1;0;0;0;-1
0;0;59;-5;-50;9.5;-1;-1;-1;-1;-1;-1;0;0;0;-1
0;0;76;-6;-51;9.5;-1;-1;-1;-1;-1;-1;0;0;0;-1
0;0;-83;13;-51;9.5;-1;-1;-1;-1;-1;-1;0;0;0;-1
0;0;-66;12;-51;9.5;-1;-1;-1;-1;-1;-1;0;0;0;-1
0;0;-52;12;-52;9.5;-1;-1;-1;-1;-1;-1;0;0;0;-1
0;0;-34;13;-52;9.5;-1;-1;-1;-1;-1;-1;0;0;0;-1
0;0;-19;14;-51;9.5;-1;-1;-1;-1;-1;-1;0;0;0;-1
0;0;-2;14;-50;9.5;-1;-1;-1;-1;-1;-1;0;0;0;-1
0;0;11;13;-51;9.5;-1;-1;-1;-1;-1;-1;0;0;0;-1
0;0;28;14;-51;9.5;-1;-1;-1;-1;-1;-1;0;0;0;-1
0;0;45;13;-52;9.5;-1;-1;-1;-1;-1;-1;0;0;0;-1
0;0;60;13;-53;9.5;-1;-1;-1;-1;-1;-1;0;0;0;-1
0;0;75;13;-53;9.5;-1;-1;-1;-1;-1;-1;0;0;0;-1
0;0;-66;32;-51;9.5;-1;-1;-1;-1;-1;-1;0;0;0;-1
0;0;-50;32;-51;9.5;-1;-1;-1;-1;-1;-1;0;0;0;-1
0;0;-34;32;-50;9.5;-1;-1;-1;-1;-1;-1;0;0;0;-1
0;0;-21;34;-52;9.5;-1;-1;-1;-1;-1;-1;0;0;0;-1
0;0;-3;34;-52;9.5;-1;-1;-1;-1;-1;-1;0;0;0;-1
0;0;13;33;-52;9.5;-1;-1;-1;-1;-1;-1;0;0;0;-1
0;0;28;30;-51;9.5;-1;-1;-1;-1;-1;-1;0;0;0;-1
0;0;43;33;-52;9.5;-1;-1;-1;-1;-1;-1;0;0;0;-1
0;0;60;33;-51;9.5;-1;-1;-1;-1;-1;-1;0;0;0;-1
0;0;76;33;-51;9.5;-1;-1;-1;-1;-1;-1;0;0;0;-1
0;0;-52;51;-51;9.5;-1;-1;-1;-1;-1;-1;0;0;0;-1
0;0;-35;52;-50;9.5;-1;-1;-1;-1;-1;-1;0;0;0;-1
0;0;-20;52;-50;9.5;-1;-1;-1;-1;-1;-1;0;0;0;-1
0;0;-2;51;-52;9.5;-1;-1;-1;-1;-1;-1;0;0;0;-1
0;0;11;52;-50;9.5;-1;-1;-1;-1;-1;-1;0;0;0;-1
0;0;31;50;-50;9.5;-1;-1;-1;-1;-1;-1;0;0;0;-1
0;0;43;51;-52;9.5;-1;-1;-1;-1;-1;-1;0;0;0;-1
0;0;60;51;-52;9.5;-1;-1;-1;-1;-1;-1;0;0;0;-1
0;0;-35;69;-50;9.5;-1;-1;-1;-1;-1;-1;0;0;0;-1
0;0;-19;70;-51;9.5;-1;-1;-1;-1;-1;-1;0;0;0;-1
0;0;-3;72;-52;9.5;-1;-1;-1;-1;-1;-1;0;0;0;-1
0;0;12;71;-51;9.5;-1;-1;-1;-1;-1;-1;0;0;0;-1
0;0;29;71;-54;9.5;-1;-1;-1;-1;-1;-1;0;0;0;-1
0;0;44;70;-50;9.5;-1;-1;-1;-1;-1;-1;0;0;0;-1
0;0;-36;-79;-37;9.5;-1;-1;-1;-1;-1;-1;0;0;0;-1
0;0;-17;-81;-33;9.5;-1;-1;-1;-1;-1;-1;0;0;0;-1
0;0;-4;-82;-35;9.5;-1;-1;-1;-1;-1;-1;0;0;0;-1
0;0;11;-79;-34;9.5;-1;-1;-1;-1;-1;-1;0;0;0;-1
0;0;30;-80;-37;9.5;-1;-1;-1;-1;-1;-1;0;0;0;-1
0;0;45;-81;-36;9.5;-1;-1;-1;-1;-1;-1;0;0;0;-1
0;0;-64;-61;-35;9.5;-1;-1;-1;-1;-1;-1;0;0;0;-1
0;0;-52;-63;-36;9.5;-1;-1;-1;-1;-1;-1;0;0;0;-1
0;0;-36;-61;-36;9.5;-1;-1;-1;-1;-1;-1;0;0;0;-1
0;0;-21;-62;-35;9.5;-1;-1;-1;-1;-1;-1;0;0;0;-1
0;0;-3;-61;-36;9.5;-1;-1;-1;-1;-1;-1;0;0;0;-1
0;0;12;-61;-34;9.5;-1;-1;-1;-1;-1;-1;0;0;0;-1
0;0;29;-62;-33;9.5;-1;-1;-1;-1;-1;-1;0;0;0;-1
0;0;44;-60;-35;9.5;-1;-1;-1;-1;-1;-1;0;0;0;-1
0;0;60;-61;-34;9.5;-1;-1;-1;-1;-1;-1;0;0;0;-1
0;0;-84;-43;-33;9.5;-1;-1;-1;-1;-1;-1;0;0;0;-1
0;0;-68;-41;-35;9.5;-1;-1;-1;-1;-1;-1;0;0;0;-1
0;0;-51;-42;-38;9.5;-1;-1;-1;-1;-1;-1;0;0;0;-1
0;0;-36;-44;-34;9.5;-1;-1;-1;-1;-1;-1;0;0;0;-1
0;0;-20;-43;-34;9.5;-1;-1;-1;-1;-1;-1;0;0;0;-1
0;0;-4;-41;-34;9.5;-1;-1;-1;-1;-1;-1;0;0;0;-1
0;0;13;-41;-33;9.5;-1;-1;-1;-1;-1;-1;0;0;0;-1
0;0;30;-43;-35;9.5;-1;-1;-1;-1;-1;-1;0;0;0;-1
0;0;45;-42;-36;9.5;-1;-1;-1;-1;-1;-1;0;0;0;-1
0;0;60;-42;-34;9.5;-1;-1;-1;-1;-1;-1;0;0;0;-1
0;0;75;-42;-35;9.5;-1;-1;-1;-1;-1;-1;0;0;0;-1
0;0;-82;-24;-35;9.5;-1;-1;-1;-1;-1;-1;0;0;0;-1
0;0;-67;-22;-34;9.5;-1;-1;-1;-1;-1;-1;0;0;0;-1
0;0;-52;-25;-35;9.5;-1;-1;-1;-1;-1;-1;0;0;0;-1
0;0;-35;-24;-35;9.5;-1;-1;-1;-1;-1;-1;0;0;0;-1
0;0;-19;-22;-37;9.5;-1;-1;-1;-1;-1;-1;0;0;0;-1
0;0;-4;-24;-37;9.5;-1;-1;-1;-1;-1;-1;0;0;0;-1
0;0;12;-24;-33;9.5;-1;-1;-1;-1;-1;-1;0;0;0;-1
0;0;28;-25;-35;9.5;-1;-1;-1;-1;-1;-1;0;0;0;-1
0;0;45;-24;-36;9.5;-1;-1;-1;-1;-1;-1;0;0;0;-1
0;0;60;-25;-35;9.5;-1;-1;-1;-1;-1;-1;0;0;0;-1
0;0;76;-22;-36;9.5;-1;-1;-1;-1;-1;-1;0;0;0;-1
0;0;-82;-7;-36;9.5;-1;-1;-1;-1;-1;-1;0;0;0;-1
0;0;-66;-5;-34;9.5;-1;-1;-1;-1;-1;-1;0;0;0;-1
0;0;-52;-4;-36;9.5;-1;-1;-1;-1;-1;-1;0;0;0;-1
0;0;-35;-5;-35;9.5;-1;-1;-1;-1;-1;-1;0;0;0;-1
0;0;-20;-3;-35;9.5;-1;-1;-1;-1;-1;-1;0;0;0;-1
0;0;-3;-4;-34;9.5;-1;-1;-1;-1;-1;-1;0;0;0;-1
0;0;12;-4;-37;9.5;-1;-1;-1;-1;-1;-1;0;0;0;-1
0;0;27;-6;-36;9.5;-1;-1;-1;-1;-1;-1;0;0;0;-1
0;0;44;-4;-33;9.5;-1;-1;-1;-1;-1;-1;0;0;0;-1
0;0;59;-6;-36;9.5;-1;-1;-1;-1;-1;-1;0;0;0;-1
0;0;75;-4;-35;9.5;-1;-1;-1;-1;-1;-1;0;0;0;-1
0;0;92;-5;-33;9.5;-1;-1;-1;-1;-1;-1;0;0;0;-1
0;0;-82;14;-35;9.5;-1;-1;-1;-1;-1;-1;0;0;0;-1
0;0;-67;14;-35;9.5;-1;-1;-1;-1;-1;-1;0;0;0;-1
0;0;-51;13;-34;9.5;-1;-1;-1;-1;-1;-1;0;0;0;-1
0;0;-36;14;-35;9.5;-1;-1;-1;-1;-1;-1;0;0;0;-1
0;0;-18;14;-35;9.5;-1;-1;-1;-1;-1;-1;0;0;0;-1
0;0;-3;15;-35;9.5;-1;-1;-1;-1;-1;-1;0;0;0;-1
0;0;12;14;-33;9.5;-1;-1;-1;-1;-1;-1;0;0;0;-1
0;0;29;13;-34;9.5;-1;-1;-1;-1;-1;-1;0;0;0;-1
0;0;44;14;-35;9.5;-1;-1;-1;-1;-1;-1;0;0;0;-1
0;0;60;13;-34;9.5;-1;-1;-1;-1;-1;-1;0;0;0;-1
0;0;75;16;-35;9.5;-1;-1;-1;-1;-1;-1;0;0;0;-1
0;0;-82;32;-34;9.5;-1;-1;-1;-1;-1;-1;0;0;0;-1
0;0;-67;32;-34;9.5;-1;-1;-1;-1;-1;-1;0;0;0;-1
0;0;-51;35;-35;9.5;-1;-1;-1;-1;-1;-1;0;0;0;-1
0;0;-35;32;-36;9.5;-1;-1;-1;-1;-1;-1;0;0;0;-1
0;0;-20;33;-36;9.5;-1;-1;-1;-1;-1;-1;0;0;0;-1
0;0;-2;32;-37;9.5;-1;-1;-1;-1;-1;-1;0;0;0;-1
0;0;12;33;-36;9.5;-1;-1;-1;-1;-1;-1;0;0;0;-1
0;0;28;34;-36;9.5;-1;-1;-1;-1;-1;-1;0;0;0;-1
0;0;44;33;-35;9.5;-1;-1;-1;-1;-1;-1;0;0;0;-1
0;0;61;31;-35;9.5;-1;-1;-1;-1;-1;-1;0;0;0;-1
0;0;75;33;-35;9.5;-1;-1;-1;-1;-1;-1;0;0;0;-1
0;0;-69;52;-35;9.5;-1;-1;-1;-1;-1;-1;0;0;0;-1
0;0;-51;52;-33;9.5;-1;-1;-1;-1;-1;-1;0;0;0;-1
0;0;-34;51;-37;9.5;-1;-1;-1;-1;-1;-1;0;0;0;-1
0;0;-19;51;-35;9.5;-1;-1;-1;-1;-1;-1;0;0;0;-1
0;0;-1;51;-36;9.5;-1;-1;-1;-1;-1;-1;0;0;0;-1
0;0;12;52;-35;9.5;-1;-1;-1;-1;-1;-1;0;0;0;-1
0;0;28;51;-35;9.5;-1;-1;-1;-1;-1;-1;0;0;0;-1
0;0;45;51;-34;9.5;-1;-1;-1;-1;-1;-1;0;0;0;-1
0;0;61;51;-34;9.5;-1;-1;-1;-1;-1;-1;0;0;0;-1
0;0;74;51;-36;9.5;-1;-1;-1;-1;-1;-1;0;0;0;-1
0;0;-52;71;-33;9.5;-1;-1;-1;-1;-1;-1;0;0;0;-1
0;0;-36;69;-35;9.5;-1;-1;-1;-1;-1;-1;0;0;0;-1
0;0;-18;72;-36;9.5;-1;-1;-1;-1;-1;-1;0;0;0;-1
0;0;-4;72;-35;9.5;-1;-1;-1;-1;-1;-1;0;0;0;-1
0;0;13;70;-36;9.5;-1;-1;-1;-1;-1;-1;0;0;0;-1
0;0;28;70;-34;9.5;-1;-1;-1;-1;-1;-1;0;0;0;-1
0;0;43;70;-36;9.5;-1;-1;-1;-1;-1;-1;0;0;0;-1
0;0;60;71;-35;9.5;-1;-1;-1;-1;-1;-1;0;0;0;-1
0;0;-21;89;-37;9.5;-1;-1;-1;-1;-1;-1;0;0;0;-1
0;0;-4;91;-33;9.5;-1;-1;-1;-1;-1;-1;0;0;0;-1
0;0;12;90;-34;9.5;-1;-1;-1;-1;-1;-1;0;0;0;-1
0;0;-54;-81;-19;9.5;-1;-1;-1;-1;-1;-1;0;0;0;-1
0;0;-37;-81;-18;9.5;-1;-1;-1;-1;-1;-1;0;0;0;-1
0;0;-19;-80;-19;9.5;-1;-1;-1;-1;-1;-1;0;0;0;-1
0;0;-1;-80;-20;9.5;-1;-1;-1;-1;-1;-1;0;0;0;-1
0;0;11;-81;-19;9.5;-1;-1;-1;-1;-1;-1;0;0;0;-1
0;0;29;-83;-19;9.5;-1;-1;-1;-1;-1;-1;0;0;0;-1
0;0;46;-82;-19;9.5;-1;-1;-1;-1;-1;-1;0;0;0;-1
0;0;-66;-61;-19;9.5;-1;-1;-1;-1;-1;-1;0;0;0;-1
0;0;-51;-63;-19;9.5;-1;-1;-1;-1;-1;-1;0;0;0;-1
0;0;-36;-64;-17;9.5;-1;-1;-1;-1;-1;-1;0;0;0;-1
0;0;-20;-60;-18;9.5;-1;-1;-1;-1;-1;-1;0;0;0;-1
0;0;-2;-63;-21;9.5;-1;-1;-1;-1;-1;-1;0;0;0;-1
0;0;12;-63;-19;9.5;-1;-1;-1;-1;-1;-1;0;0;0;-1
0;0;28;-62;-20;9.5;-1;-1;-1;-1;-1;-1;0;0;0;-1
0;0;44;-62;-20;9.5;-1;-1;-1;-1;-1;-1;0;0;0;-1
0;0;59;-61;-19;9.5;-1;-1;-1;-1;-1;-1;0;0;0;-1
0;0;-83;-42;-17;9.5;-1;-1;-1;-1;-1;-1;0;0;0;-1
0;0;-67;-42;-19;9.5;-1;-1;-1;-1;-1;-1;0;0;0;-1
0;0;-50;-41;-19;9.5;-1;-1;-1;-1;-1;-1;0;0;0;-1
0;0;-34;-40;-20;9.5;-1;-1;-1;-1;-1;-1;0;0;0;-1
0;0;-18;-43;-19;9.5;-1;-1;-1;-1;-1;-1;0;0;0;-1
0;0;-3;-43;-18;9.5;-1;-1;-1;-1;-1;-1;0;0;0;-1
0;0;14;-44;-20;9.5;-1;-1;-1;-1;-1;-1;0;0;0;-1
0;0;27;-42;-19;9.5;-1;-1;-1;-1;-1;-1;0;0;0;-1
0;0;44;-42;-19;9.5;-1;-1;-1;-1;-1;-1;0;0;0;-1
0;0;59;-42;-20;9.5;-1;-1;-1;-1;-1;-1;0;0;0;-1
0;0;77;-45;-18;9.5;-1;-1;-1;-1;-1;-1;0;0;0;-1
0;0;-82;-23;-18;9.5;-1;-1;-1;-1;-1;-1;0;0;0;-1
0;0;-67;-25;-19;9.5;-1;-1;-1;-1;-1;-1;0;0;0;-1
0;0;-52;-23;-19;9.5;-1;-1;-1;-1;-1;-1;0;0;0;-1
0;0;-36;-24;-19;9.5;-1;-1;-1;-1;-1;-1;0;0;0;-1
0;0;-19;-22;-17;9.5;-1;-1;-1;-1;-1;-1;0;0;0;-1
0;0;-3;-24;-17;9.5;-1;-1;-1;-1;-1;-1;0;0;0;-1
0;0;10;-20;-20;9.5;-1;-1;-1;-1;-1;-1;0;0;0;-1
0;0;27;-25;-20;9.5;-1;-1;-1;-1;-1;-1;0;0;0;-1
0;0;44;-23;-20;9.5;-1;-1;-1;-1;-1;-1;0;0;0;-1
0;0;59;-24;-18;9.5;-1;-1;-1;-1;-1;-1;0;0;0;-1
0;0;76;-22;-19;9.5;-1;-1;-1;-1;-1;-1;0;0;0;-1
0;0;93;-23;-17;9.5;-1;-1;-1;-1;-1;-1;0;0;0;-1
0;0;-83;-3;-19;9.5;-1;-1;-1;-1;-1;-1;0;0;0;-1
0;0;-66;-3;-19;9.5;-1;-1;-1;-1;-1;-1;0;0;0;-1
0;0;-51;-3;-19;9.5;-1;-1;-1;-1;-1;-1;0;0;0;-1
0;0;-34;-2;-17;9.5;-1;-1;-1;-1;-1;-1;0;0;0;-1
0;0;-18;-6;-19;9.5;-1;-1;-1;-1;-1;-1;0;0;0;-1
0;0;-2;-4;-18;9.5;-1;-1;-1;-1;-1;-1;0;0;0;-1
0;0;13;-5;-20;9.5;-1;-1;-1;-1;-1;-1;0;0;0;-1
0;0;29;-4;-18;9.5;-1;-1;-1;-1;-1;-1;0;0;0;-1
0;0;43;-3;-18;9.5;-1;-1;-1;-1;-1;-1;0;0;0;-1
0;0;59;-3;-19;9.5;-1;-1;-1;-1;-1;-1;0;0;0;-1
0;0;75;-3;-18;9.5;-1;-1;-1;-1;-1;-1;0;0;0;-1
0;0;93;-4;-18;9.5;-1;-1;-1;-1;-1;-1;0;0;0;-1
0;0;-82;14;-21;9.5;-1;-1;-1;-1;-1;-1;0;0;0;-1
0;0;-69;14;-19;9.5;-1;-1;-1;-1;-1;-1;0;0;0;-1
0;0;-51;13;-19;9.5;-1;-1;-1;-1;-1;-1;0;0;0;-1
0;0;-35;12;-20;9.5;-1;-1;-1;-1;-1;-1;0;0;0;-1
0;0;-20;13;-20;9.5;-1;-1;-1;-1;-1;-1;0;0;0;-1
0;0;-2;13;-18;9.5;-1;-1;-1;-1;-1;-1;0;0;0;-1
0;0;12;13;-19;9.5;-1;-1;-1;-1;-1;-1;0;0;0;-1
0;0;27;14;-19;9.5;-1;-1;-1;-1;-1;-1;0;0;0;-1
0;0;43;12;-19;9.5;-1;-1;-1;-1;-1;-1;0;0;0;-1
0;0;60;13;-20;9.5;-1;-1;-1;-1;-1;-1;0;0;0;-1
0;0;77;12;-19;9.5;-1;-1;-1;-1;-1;-1;0;0;0;-1
0;0;91;13;-19;9.5;-1;-1;-1;-1;-1;-1;0;0;0;-1
0;0;-84;33;-23;9.5;-1;-1;-1;-1;-1;-1;0;0;0;-1
0;0;-67;34;-20;9.5;-1;-1;-1;-1;-1;-1;0;0;0;-1
0;0;-53;33;-21;9.5;-1;-1;-1;-1;-1;-1;0;0;0;-1
0;0;-34;32;-18;9.5;-1;-1;-1;-1;-1;-1;0;0;0;-1
0;0;-19;32;-19;9.5;-1;-1;-1;-1;-1;-1;0;0;0;-1
0;0;-2;33;-20;9.5;-1;-1;-1;-1;-1;-1;0;0;0;-1
0;0;12;33;-18;9.5;-1;-1;-1;-1;-1;-1;0;0;0;-1
0;0;28;32;-22;9.5;-1;-1;-1;-1;-1;-1;0;0;0;-1
0;0;43;34;-17;9.5;-1;-1;-1;-1;-1;-1;0;0;0;-1
0;0;59;33;-20;9.5;-1;-1;-1;-1;-1;-1;0;0;0;-1
0;0;75;33;-19;9.5;-1;-1;-1;-1;-1;-1;0;0;0;-1
0;0;90;32;-18;9.5;-1;-1;-1;-1;-1;-1;0;0;0;-1
0;0;-82;52;-18;9.5;-1;-1;-1;-1;-1;-1;0;0;0;-1
0;0;-67;51;-20;9.5;-1;-1;-1;-1;-1;-1;0;0;0;-1
0;0;-51;52;-20;9.5;-1;-1;-1;-1;-1;-1;0;0;0;-1
0;0;-34;52;-18;9.5;-1;-1;-1;-1;-1;-1;0;0;0;-1
0;0;-19;53;-19;9.5;-1;-1;-1;-1;-1;-1;0;0;0;-1
0;0;-2;51;-20;9.5;-1;-1;-1;-1;-1;-1;0;0;0;-1
0;0;11;51;-19;9.5;-1;-1;-1;-1;-1;-1;0;0;0;-1
0;0;30;50;-19;9.5;-1;-1;-1;-1;-1;-1;0;0;0;-1
0;0;44;50;-20;9.5;-1;-1;-1;-1;-1;-1;0;0;0;-1
0;0;61;50;-19;9.5;-1;-1;-1;-1;-1;-1;0;0;0;-1
0;0;76;52;-18;9.5;-1;-1;-1;-1;-1;-1;0;0;0;-1
0;0;-67;71;-18;9.5;-1;-1;-1;-1;-1;-1;0;0;0;-1
0;0;-52;71;-19;9.5;-1;-1;-1;-1;-1;-1;0;0;0;-1
0;0;-36;70;-18;9.5;-1;-1;-1;-1;-1;-1;0;0;0;-1
0;0;-20;71;-21;9.5;-1;-1;-1;-1;-1;-1;0;0;0;-1
0;0;-3;70;-18;9.5;-1;-1;-1;-1;-1;-1;0;0;0;-1
0;0;11;70;-18;9.5;-1;-1;-1;-1;-1;-1;0;0;0;-1
0;0;26;71;-19;9.5;-1;-1;-1;-1;-1;-1;0;0;0;-1
0;0;43;70;-19;9.5;-1;-1;-1;-1;-1;-1;0;0;0;-1
0;0;60;71;-20;9.5;-1;-1;-1;-1;-1;-1;0;0;0;-1
0;0;-35;89;-19;9.5;-1;-1;-1;-1;-1;-1;0;0;0;-1
0;0;-19;90;-18;9.5;-1;-1;-1;-1;-1;-1;0;0;0;-1
0;0;-2;89;-20;9.5;-1;-1;-1;-1;-1;-1;0;0;0;-1
0;0;12;88;-18;9.5;-1;-1;-1;-1;-1;-1;0;0;0;-1
0;0;27;91;-20;9.5;-1;-1;-1;-1;-1;-1;0;0;0;-1
0;0;-52;-80;-5;9.5;-1;-1;-1;-1;-1;-1;0;0;0;-1
0;0;-35;-79;-3;9.5;-1;-1;-1;-1;-1;-1;0;0;0;-1
0;0;-21;-80;-4;9.5;-1;-1;-1;-1;-1;-1;0;0;0;-1
0;0;-2;-80;-3;9.5;-1;-1;-1;-1;-1;-1;0;0;0;-1
0;0;12;-79;-4;9.5;-1;-1;-1;-1;-1;-1;0;0;0;-1
0;0;27;-80;-3;9.5;-1;-1;-1;-1;-1;-1;0;0;0;-1
0;0;45;-80;-5;9.5;-1;-1;-1;-1;-1;-1;0;0;0;-1
0;0;-67;-62;-4;9.5;-1;-1;-1;-1;-1;-1;0;0;0;-1
0;0;-52;-65;-3;9.5;-1;-1;-1;-1;-1;-1;0;0;0;-1
0;0;-35;-63;-4;9.5;-1;-1;-1;-1;-1;-1;0;0;0;-1
0;0;-19;-63;-5;9.5;-1;-1;-1;-1;-1;-1;0;0;0;-1
0;0;-3;-61;-3;9.5;-1;-1;-1;-1;-1;-1;0;0;0;-1
0;0;12;-62;-3;9.5;-1;-1;-1;-1;-1;-1;0;0;0;-1
0;0;29;-61;-3;9.5;-1;-1;-1;-1;-1;-1;0;0;0;-1
0;0;42;-61;0;9.5;-1;-1;-1;-1;-1;-1;0;0;0;-1
0;0;59;-62;-4;9.5;-1;-1;-1;-1;-1;-1;0;0;0;-1
0;0;77;-62;-4;9.5;-1;-1;-1;-1;-1;-1;0;0;0;-1
0;0;-82;-41;-5;9.5;-1;-1;-1;-1;-1;-1;0;0;0;-1
0;0;-64;-42;-2;9.5;-1;-1;-1;-1;-1;-1;0;0;0;-1
0;0;-50;-43;-3;9.5;-1;-1;-1;-1;-1;-1;0;0;0;-1
0;0;-36;-43;-4;9.5;-1;-1;-1;-1;-1;-1;0;0;0;-1
0;0;-17;-43;-2;9.5;-1;-1;-1;-1;-1;-1;0;0;0;-1
0;0;-1;-42;-4;9.5;-1;-1;-1;-1;-1;-1;0;0;0;-1
0;0;13;-43;-3;9.5;-1;-1;-1;-1;-1;-1;0;0;0;-1
0;0;28;-42;-3;9.5;-1;-1;-1;-1;-1;-1;0;0;0;-1
0;0;44;-41;-3;9.5;-1;-1;-1;-1;-1;-1;0;0;0;-1
0;0;59;-43;-3;9.5;-1;-1;-1;-1;-1;-1;0;0;0;-1
0;0;76;-42;-2;9.5;-1;-1;-1;-1;-1;-1;0;0;0;-1
0;0;-82;-22;-3;9.5;-1;-1;-1;-1;-1;-1;0;0;0;-1
0;0;-66;-26;-4;9.5;-1;-1;-1;-1;-1;-1;0;0;0;-1
0;0;-52;-21;-4;9.5;-1;-1;-1;-1;-1;-1;0;0;0;-1
0;0;-35;-22;-3;9.5;-1;-1;-1;-1;-1;-1;0;0;0;-1
0;0;-21;-23;-2;9.5;-1;-1;-1;-1;-1;-1;0;0;0;-1
0;0;-4;-24;-3;9.5;-1;-1;-1;-1;-1;-1;0;0;0;-1
0;0;12;-23;-6;9.5;-1;-1;-1;-1;-1;-1;0;0;0;-1
0;0;30;-24;-2;9.5;-1;-1;-1;-1;-1;-1;0;0;0;-1
0;0;45;-23;-2;9.5;-1;-1;-1;-1;-1;-1;0;0;0;-1
0;0;59;-23;-4;9.5;-1;-1;-1;-1;-1;-1;0;0;0;-1
0;0;76;-25;-3;9.5;-1;-1;-1;-1;-1;-1;0;0;0;-1
0;0;94;-21;-4;9.5;-1;-1;-1;-1;-1;-1;0;0;0;-1
0;0;-84;-4;-2;9.5;-1;-1;-1;-1;-1;-1;0;0;0;-1
0;0;-66;-5;-2;9.5;-1;-1;-1;-1;-1;-1;0;0;0;-1
0;0;-52;-5;-3;9.5;-1;-1;-1;-1;-1;-1;0;0;0;-1
0;0;-35;-4;-3;9.5;-1;-1;-1;-1;-1;-1;0;0;0;-1
0;0;-19;-4;-5;9.5;-1;-1;-1;-1;-1;-1;0;0;0;-1
0;0;-4;-4;-3;9.5;-1;-1;-1;-1;-1;-1;0;0;0;-1
0;0;12;-5;-3;9.5;-1;-1;-1;-1;-1;-1;0;0;0;-1
0;0;29;-7;-2;9.5;-1;-1;-1;-1;-1;-1;0;0;0;-1
0;0;43;-3;-4;9.5;-1;-1;-1;-1;-1;-1;0;0;0;-1
0;0;61;-3;-4;9.5;-1;-1;-1;-1;-1;-1;0;0;0;-1
0;0;75;-6;-4;9.5;-1;-1;-1;-1;-1;-1;0;0;0;-1
0;0;90;-3;-3;9.5;-1;-1;-1;-1;-1;-1;0;0;0;-1
0;0;-84;14;-4;9.5;-1;-1;-1;-1;-1;-1;0;0;0;-1
0;0;-68;14;-1;9.5;-1;-1;-1;-1;-1;-1;0;0;0;-1
0;0;-50;14;-5;9.5;-1;-1;-1;-1;-1;-1;0;0;0;-1
0;0;-35;14;-4;9.5;-1;-1;-1;-1;-1;-1;0;0;0;-1
0;0;-19;14;-4;9.5;-1;-1;-1;-1;-1;-1;0;0;0;-1
0;0;-3;13;-2;9.5;-1;-1;-1;-1;-1;-1;0;0;0;-1
0;0;11;14;-3;9.5;-1;-1;-1;-1;-1;-1;0;0;0;-1
0;0;29;14;-1;9.5;-1;-1;-1;-1;-1;-1;0;0;0;-1
0;0;44;13;-2;9.5;-1;-1;-1;-1;-1;-1;0;0;0;-1
0;0;60;15;-3;9.5;-1;-1;-1;-1;-1;-1;0;0;0;-1
0;0;77;13;-2;9.5;-1;-1;-1;-1;-1;-1;0;0;0;-1
0;0;93;15;-3;9.5;-1;-1;-1;-1;-1;-1;0;0;0;-1
0;0;-83;32;-2;9.5;-1;-1;-1;-1;-1;-1;0;0;0;-1
0;0;-66;32;-1;9.5;-1;-1;-1;-1;-1;-1;0;0;0;-1
0;0;-51;31;-3;9.5;-1;-1;-1;-1;-1;-1;0;0;0;-1
0;0;-34;34;-3;9.5;-1;-1;-1;-1;-1;-1;0;0;0;-1
0;0;-20;32;-2;9.5;-1;-1;-1;-1;-1;-1;0;0;0;-1
0;0;-2;34;-3;9.5;-1;-1;-1;-1;-1;-1;0;0;0;-1
0;0;13;31;-4;9.5;-1;-1;-1;-1;-1;-1;0;0;0;-1
0;0;30;33;-4;9.5;-1;-1;-1;-1;-1;-1;0;0;0;-1
0;0;44;34;-6;9.5;-1;-1;-1;-1;-1;-1;0;0;0;-1
0;0;60;31;-3;9.5;-1;-1;-1;-1;-1;-1;0;0;0;-1
0;0;76;34;-5;9.5;-1;-1;-1;-1;-1;-1;0;0;0;-1
0;0;92;32;-4;9.5;-1;-1;-1;-1;-1;-1;0;0;0;-1
0;0;-84;52;-3;9.5;-1;-1;-1;-1;-1;-1;0;0;0;-1
0;0;-65;52;-2;9.5;-1;-1;-1;-1;-1;-1;0;0;0;-1
0;0;-51;50;-5;9.5;-1;-1;-1;-1;-1;-1;0;0;0;-1
0;0;-34;50;-4;9.5;-1;-1;-1;-1;-1;-1;0;0;0;-1
0;0;-19;50;-4;9.5;-1;-1;-1;-1;-1;-1;0;0;0;-1
0;0;-4;52;-4;9.5;-1;-1;-1;-1;-1;-1;0;0;0;-1
0;0;13;52;-5;9.5;-1;-1;-1;-1;-1;-1;0;0;0;-1
0;0;29;52;-5;9.5;-1;-1;-1;-1;-1;-1;0;0;0;-1
0;0;44;51;-3;9.5;-1;-1;-1;-1;-1;-1;0;0;0;-1
0;0;60;54;-2;9.5;-1;-1;-1;-1;-1;-1;0;0;0;-1
0;0;75;53;-2;9.5;-1;-1;-1;-1;-1;-1;0;0;0;-1
0;0;-66;70;-4;9.5;-1;-1;-1;-1;-1;-1;0;0;0;-1
0;0;-53;69;-2;9.5;-1;-1;-1;-1;-1;-1;0;0;0;-1
0;0;-35;70;-5;9.5;-1;-1;-1;-1;-1;-1;0;0;0;-1
0;0;-18;69;-5;9.5;-1;-1;-1;-1;-1;-1;0;0;0;-1
0;0;-3;71;-4;9.5;-1;-1;-1;-1;-1;-1;0;0;0;-1
0;0;12;71;-2;9.5;-1;-1;-1;-1;-1;-1;0;0;0;-1
0;0;30;72;-3;9.5;-1;-1;-1;-1;-1;-1;0;0;0;-1
0;0;44;68;-3;9.5;-1;-1;-1;-1;-1;-1;0;0;0;-1
0;0;60;68;-2;9.5;-1;-1;-1;-1;-1;-1;0;0;0;-1
0;0;-36;90;-4;9.5;-1;-1;-1;-1;-1;-1;0;0;0;-1
0;0;-19;89;-4;9.5;-1;-1;-1;-1;-1;-1;0;0;0;-1
0;0;-4;89;-4;9.5;-1;-1;-1;-1;-1;-1;0;0;0;-1
0;0;12;92;-2;9.5;-1;-1;-1;-1;-1;-1;0;0;0;-1
0;0;29;91;-7;9.5;-1;-1;-1;-1;-1;-1;0;0;0;-1
0;0;44;89;-5;9.5;-1;-1;-1;-1;-1;-1;0;0;0;-1
0;0;-50;-80;13;9.5;-1;-1;-1;-1;-1;-1;0;0;0;-1
0;0;-35;-81;13;9.5;-1;-1;-1;-1;-1;-1;0;0;0;-1
0;0;-18;-79;12;9.5;-1;-1;-1;-1;-1;-1;0;0;0;-1
0;0;-2;-79;11;9.5;-1;-1;-1;-1;-1;-1;0;0;0;-1
0;0;11;-81;11;9.5;-1;-1;-1;-1;-1;-1;0;0;0;-1
0;0;29;-80;13;9.5;-1;-1;-1;-1;-1;-1;0;0;0;-1
0;0;45;-81;12;9.5;-1;-1;-1;-1;-1;-1;0;0;0;-1
0;0;-65;-63;13;9.5;-1;-1;-1;-1;-1;-1;0;0;0;-1
0;0;-53;-62;13;9.5;-1;-1;-1;-1;-1;-1;0;0;0;-1
0;0;-37;-61;11;9.5;-1;-1;-1;-1;-1;-1;0;0;0;-1
0;0;-20;-61;12;9.5;-1;-1;-1;-1;-1;-1;0;0;0;-1
0;0;-4;-63;10;9.5;-1;-1;-1;-1;-1;-1;0;0;0;-1
0;0;12;-62;12;9.5;-1;-1;-1;-1;-1;-1;0;0;0;-1
0;0;29;-62;12;9.5;-1;-1;-1;-1;-1;-1;0;0;0;-1
0;0;44;-62;11;9.5;-1;-1;-1;-1;-1;-1;0;0;0;-1
0;0;61;-62;12;9.5;-1;-1;-1;-1;-1;-1;0;0;0;-1
0;0;75;-62;12;9.5;-1;-1;-1;-1;-1;-1;0;0;0;-1
0;0;-84;-42;12;9.5;-1;-1;-1;-1;-1;-1;0;0;0;-1
0;0;-68;-43;11;9.5;-1;-1;-1;-1;-1;-1;0;0;0;-1
0;0;-53;-41;10;9.5;-1;-1;-1;-1;-1;-1;0;0;0;-1
0;0;-37;-41;13;9.5;-1;-1;-1;-1;-1;-1;0;0;0;-1
0;0;-21;-42;11;9.5;-1;-1;-1;-1;-1;-1;0;0;0;-1
0;0;-4;-43;12;9.5;-1;-1;-1;-1;-1;-1;0;0;0;-1
0;0;11;-42;11;9.5;-1;-1;-1;-1;-1;-1;0;0;0;-1
0;0;27;-43;12;9.5;-1;-1;-1;-1;-1;-1;0;0;0;-1
0;0;42;-43;12;9.5;-1;-1;-1;-1;-1;-1;0;0;0;-1
0;0;61;-42;11;9.5;-1;-1;-1;-1;-1;-1;0;0;0;-1
0;0;77;-43;12;9.5;-1;-1;-1;-1;-1;-1;0;0;0;-1
0;0;-85;-22;11;9.5;-1;-1;-1;-1;-1;-1;0;0;0;-1
0;0;-66;-24;12;9.5;-1;-1;-1;-1;-1;-1;0;0;0;-1
0;0;-53;-23;12;9.5;-1;-1;-1;-1;-1;-1;0;0;0;-1
0;0;-36;-23;13;9.5;-1;-1;-1;-1;-1;-1;0;0;0;-1
0;0;-18;-25;14;9.5;-1;-1;-1;-1;-1;-1;0;0;0;-1
0;0;-4;-22;14;9.5;-1;-1;-1;-1;-1;-1;0;0;0;-1
0;0;12;-24;12;9.5;-1;-1;-1;-1;-1;-1;0;0;0;-1
0;0;27;-24;11;9.5;-1;-1;-1;-1;-1;-1;0;0;0;-1
0;0;46;-24;11;9.5;-1;-1;-1;-1;-1;-1;0;0;0;-1
0;0;59;-23;12;9.5;-1;-1;-1;-1;-1;-1;0;0;0;-1
0;0;77;-24;12;9.5;-1;-1;-1;-1;-1;-1;0;0;0;-1
0;0;91;-24;11;9.5;-1;-1;-1;-1;-1;-1;0;0;0;-1
0;0;-84;-6;13;9.5;-1;-1;-1;-1;-1;-1;0;0;0;-1
0;0;-65;-5;14;9.5;-1;-1;-1;-1;-1;-1;0;0;0;-1
0;0;-53;-5;11;9.5;-1;-1;-1;-1;-1;-1;0;0;0;-1
0;0;-35;-4;11;9.5;-1;-1;-1;-1;-1;-1;0;0;0;-1
0;0;-19;-4;11;9.5;-1;-1;-1;-1;-1;-1;0;0;0;-1
0;0;-1;-4;12;9.5;-1;-1;-1;-1;-1;-1;0;0;0;-1
0;0;11;-3;13;9.5;-1;-1;-1;-1;-1;-1;0;0;0;-1
0;0;26;-4;14;9.5;-1;-1;-1;-1;-1;-1;0;0;0;-1
0;0;46;-4;11;9.5;-1;-1;-1;-1;-1;-1;0;0;0;-1
0;0;60;-5;10;9.5;-1;-1;-1;-1;-1;-1;0;0;0;-1
0;0;76;-6;12;9.5;-1;-1;-1;-1;-1;-1;0;0;0;-1
0;0;92;-5;12;9.5;-1;-1;-1;-1;-1;-1;0;0;0;-1
0;0;-83;12;13;9.5;-1;-1;-1;-1;-1;-1;0;0;0;-1
0;0;-68;15;13;9.5;-1;-1;-1;-1;-1;-1;0;0;0;-1
0;0;-52;14;12;9.5;-1;-1;-1;-1;-1;-1;0;0;0;-1
0;0;-34;13;12;9.5;-1;-1;-1;-1;-1;-1;0;0;0;-1
0;0;-19;15;10;9.5;-1;-1;-1;-1;-1;-1;0;0;0;-1
0;0;-3;13;11;9.5;-1;-1;-1;-1;-1;-1;0;0;0;-1
0;0;13;13;14;9.5;-1;-1;-1;-1;-1;-1;0;0;0;-1
0;0;29;12;16;9.5;-1;-1;-1;-1;-1;-1;0;0;0;-1
0;0;44;11;15;9.5;-1;-1;-1;-1;-1;-1;0;0;0;-1
0;0;60;14;14;9.5;-1;-1;-1;-1;-1;-1;0;0;0;-1
0;0;76;12;13;9.5;-1;-1;-1;-1;-1;-1;0;0;0;-1
0;0;90;15;12;9.5;-1;-1;-1;-1;-1;-1;0;0;0;-1
0;0;-83;32;12;9.5;-1;-1;-1;-1;-1;-1;0;0;0;-1
0;0;-67;34;13;9.5;-1;-1;-1;-1;-1;-1;0;0;0;-1
0;0;-51;30;10;9.5;-1;-1;-1;-1;-1;-1;0;0;0;-1
0;0;-34;31;10;9.5;-1;-1;-1;-1;-1;-1;0;0;0;-1
0;0;-20;32;11;9.5;-1;-1;-1;-1;-1;-1;0;0;0;-1
0;0;-2;31;11;9.5;-1;-1;-1;-1;-1;-1;0;0;0;-1
0;0;12;32;12;9.5;-1;-1;-1;-1;-1;-1;0;0;0;-1
0;0;27;33;12;9.5;-1;-1;-1;-1;-1;-1;0;0;0;-1
0;0;46;32;12;9.5;-1;-1;-1;-1;-1;-1;0;0;0;-1
0;0;62;32;12;9.5;-1;-1;-1;-1;-1;-1;0;0;0;-1
0;0;76;33;14;9.5;-1;-1;-1;-1;-1;-1;0;0;0;-1
0;0;93;33;12;9.5;-1;-1;-1;-1;-1;-1;0;0;0;-1
0;0;-68;51;11;9.5;-1;-1;-1;-1;-1;-1;0;0;0;-1
0;0;-52;53;11;9.5;-1;-1;-1;-1;-1;-1;0;0;0;-1
0;0;-35;52;12;9.5;-1;-1;-1;-1;-1;-1;0;0;0;-1
0;0;-20;51;12;9.5;-1;-1;-1;-1;-1;-1;0;0;0;-1
0;0;-2;50;12;9.5;-1;-1;-1;-1;-1;-1;0;0;0;-1
0;0;13;50;12;9.5;-1;-1;-1;-1;-1;-1;0;0;0;-1
0;0;28;49;12;9.5;-1;-1;-1;-1;-1;-1;0;0;0;-1
0;0;43;52;12;9.5;-1;-1;-1;-1;-1;-1;0;0;0;-1
0;0;59;52;14;9.5;-1;-1;-1;-1;-1;-1;0;0;0;-1
0;0;76;52;12;9.5;-1;-1;-1;-1;-1;-1;0;0;0;-1
0;0;-65;73;13;9.5;-1;-1;-1;-1;-1;-1;0;0;0;-1
0;0;-51;71;10;9.5;-1;-1;-1;-1;-1;-1;0;0;0;-1
0;0;-36;70;14;9.5;-1;-1;-1;-1;-1;-1;0;0;0;-1
0;0;-21;71;12;9.5;-1;-1;-1;-1;-1;-1;0;0;0;-1
0;0;-2;71;12;9.5;-1;-1;-1;-1;-1;-1;0;0;0;-1
0;0;14;71;13;9.5;-1;-1;-1;-1;-1;-1;0;0;0;-1
0;0;28;72;9;9.5;-1;-1;-1;-1;-1;-1;0;0;0;-1
0;0;45;70;13;9.5;-1;-1;-1;-1;-1;-1;0;0;0;-1
0;0;59;72;13;9.5;-1;-1;-1;-1;-1;-1;0;0;0;-1
0;0;-33;91;13;9.5;-1;-1;-1;-1;-1;-1;0;0;0;-1
0;0;-20;90;13;9.5;-1;-1;-1;-1;-1;-1;0;0;0;-1
0;0;-3;90;12;9.5;-1;-1;-1;-1;-1;-1;0;0;0;-1
0;0;12;89;13;9.5;-1;-1;-1;-1;-1;-1;0;0;0;-1
0;0;28;91;12;9.5;-1;-1;-1;-1;-1;-1;0;0;0;-1
0;0;44;89;11;9.5;-1;-1;-1;-1;-1;-1;0;0;0;-1
0;0;-37;-82;28;9.5;-1;-1;-1;-1;-1;-1;0;0;0;-1
0;0;-18;-81;31;9.5;-1;-1;-1;-1;-1;-1;0;0;0;-1
0;0;-3;-82;30;9.5;-1;-1;-1;-1;-1;-1;0;0;0;-1
0;0;12;-79;28;9.5;-1;-1;-1;-1;-1;-1;0;0;0;-1
0;0;29;-82;28;9.5;-1;-1;-1;-1;-1;-1;0;0;0;-1
0;0;43;-80;28;9.5;-1;-1;-1;-1;-1;-1;0;0;0;-1
0;0;-66;-62;29;9.5;-1;-1;-1;-1;-1;-1;0;0;0;-1
0;0;-51;-62;27;9.5;-1;-1;-1;-1;-1;-1;0;0;0;-1
0;0;-34;-62;27;9.5;-1;-1;-1;-1;-1;-1;0;0;0;-1
0;0;-20;-62;28;9.5;-1;-1;-1;-1;-1;-1;0;0;0;-1
0;0;-4;-60;28;9.5;-1;-1;-1;-1;-1;-1;0;0;0;-1
0;0;11;-63;29;9.5;-1;-1;-1;-1;-1;-1;0;0;0;-1
0;0;27;-62;27;9.5;-1;-1;-1;-1;-1;-1;0;0;0;-1
0;0;44;-61;29;9.5;-1;-1;-1;-1;-1;-1;0;0;0;-1
0;0;60;-63;29;9.5;-1;-1;-1;-1;-1;-1;0;0;0;-1
0;0;-83;-42;28;9.5;-1;-1;-1;-1;-1;-1;0;0;0;-1
0;0;-67;-43;28;9.5;-1;-1;-1;-1;-1;-1;0;0;0;-1
0;0;-52;-44;29;9.5;-1;-1;-1;-1;-1;-1;0;0;0;-1
0;0;-37;-42;27;9.5;-1;-1;-1;-1;-1;-1;0;0;0;-1
0;0;-20;-41;27;9.5;-1;-1;-1;-1;-1;-1;0;0;0;-1
0;0;-4;-43;26;9.5;-1;-1;-1;-1;-1;-1;0;0;0;-1
0;0;14;-43;28;9.5;-1;-1;-1;-1;-1;-1;0;0;0;-1
0;0;27;-42;29;9.5;-1;-1;-1;-1;-1;-1;0;0;0;-1
0;0;45;-41;29;9.5;-1;-1;-1;-1;-1;-1;0;0;0;-1
0;0;59;-44;29;9.5;-1;-1;-1;-1;-1;-1;0;0;0;-1
0;0;74;-42;28;9.5;-1;-1;-1;-1;-1;-1;0;0;0;-1
0;0;-82;-25;30;9.5;-1;-1;-1;-1;-1;-1;0;0;0;-1
0;0;-68;-23;28;9.5;-1;-1;-1;-1;-1;-1;0;0;0;-1
0;0;-51;-23;28;9.5;-1;-1;-1;-1;-1;-1;0;0;0;-1
0;0;-35;-23;29;9.5;-1;-1;-1;-1;-1;-1;0;0;0;-1
0;0;-19;-23;28;9.5;-1;-1;-1;-1;-1;-1;0;0;0;-1
0;0;-3;-23;27;9.5;-1;-1;-1;-1;-1;-1;0;0;0;-1
0;0;13;-23;28;9.5;-1;-1;-1;-1;-1;-1;0;0;0;-1
0;0;28;-23;26;9.5;-1;-1;-1;-1;-1;-1;0;0;0;-1
0;0;44;-22;28;9.5;-1;-1;-1;-1;-1;-1;0;0;0;-1
0;0;60;-24;28;9.5;-1;-1;-1;-1;-1;-1;0;0;0;-1
0;0;77;-24;26;9.5;-1;-1;-1;-1;-1;-1;0;0;0;-1
0;0;91;-22;29;9.5;-1;-1;-1;-1;-1;-1;0;0;0;-1
0;0;-82;-5;30;9.5;-1;-1;-1;-1;-1;-1;0;0;0;-1
0;0;-67;-6;28;9.5;-1;-1;-1;-1;-1;-1;0;0;0;-1
0;0;-51;-4;29;9.5;-1;-1;-1;-1;-1;-1;0;0;0;-1
0;0;-38;-4;26;9.5;-1;-1;-1;-1;-1;-1;0;0;0;-1
0;0;-21;-4;26;9.5;-1;-1;-1;-1;-1;-1;0;0;0;-1
0;0;-3;-6;28;9.5;-1;-1;-1;-1;-1;-1;0;0;0;-1
0;0;11;-3;28;9.5;-1;-1;-1;-1;-1;-1;0;0;0;-1
0;0;27;-5;28;9.5;-1;-1;-1;-1;-1;-1;0;0;0;-1
0;0;42;-5;28;9.5;-1;-1;-1;-1;-1;-1;0;0;0;-1
0;0;62;-4;27;9.5;-1;-1;-1;-1;-1;-1;0;0;0;-1
0;0;74;-3;27;9.5;-1;-1;-1;-1;-1;-1;0;0;0;-1
0;0;93;-4;28;9.5;-1;-1;-1;-1;-1;-1;0;0;0;-1
0;0;-82;14;28;9.5;-1;-1;-1;-1;-1;-1;0;0;0;-1
0;0;-68;15;28;9.5;-1;-1;-1;-1;-1;-1;0;0;0;-1
0;0;-50;15;27;9.5;-1;-1;-1;-1;-1;-1;0;0;0;-1
0;0;-35;13;29;9.5;-1;-1;-1;-1;-1;-1;0;0;0;-1
0;0;-20;12;29;9.5;-1;-1;-1;-1;-1;-1;0;0;0;-1
0;0;-3;14;28;9.5;-1;-1;-1;-1;-1;-1;0;0;0;-1
0;0;13;14;27;9.5;-1;-1;-1;-1;-1;-1;0;0;0;-1
0;0;26;12;30;9.5;-1;-1;-1;-1;-1;-1;0;0;0;-1
0;0;46;14;29;9.5;-1;-1;-1;-1;-1;-1;0;0;0;-1
0;0;61;15;28;9.5;-1;-1;-1;-1;-1;-1;0;0;0;-1
0;0;76;14;27;9.5;-1;-1;-1;-1;-1;-1;0;0;0;-1
0;0;91;16;27;9.5;-1;-1;-1;-1;-1;-1;0;0;0;-1
0;0;-83;33;29;9.5;-1;-1;-1;-1;-1;-1;0;0;0;-1
0;0;-68;33;28;9.5;-1;-1;-1;-1;-1;-1;0;0;0;-1
0;0;-51;33;29;9.5;-1;-1;-1;-1;-1;-1;0;0;0;-1
0;0;-35;33;29;9.5;-1;-1;-1;-1;-1;-1;0;0;0;-1
0;0;-18;32;27;9.5;-1;-1;-1;-1;-1;-1;0;0;0;-1
0;0;-4;32;28;9.5;-1;-1;-1;-1;-1;-1;0;0;0;-1
0;0;13;33;29;9.5;-1;-1;-1;-1;-1;-1;0;0;0;-1
0;0;29;33;29;9.5;-1;-1;-1;-1;-1;-1;0;0;0;-1
0;0;45;32;29;9.5;-1;-1;-1;-1;-1;-1;0;0;0;-1
0;0;59;33;28;9.5;-1;-1;-1;-1;-1;-1;0;0;0;-1
0;0;77;32;26;9.5;-1;-1;-1;-1;-1;-1;0;0;0;-1
0;0;-66;52;28;9.5;-1;-1;-1;-1;-1;-1;0;0;0;-1
0;0;-49;54;26;9.5;-1;-1;-1;-1;-1;-1;0;0;0;-1
0;0;-34;49;29;9.5;-1;-1;-1;-1;-1;-1;0;0;0;-1
0;0;-18;50;26;9.5;-1;-1;-1;-1;-1;-1;0;0;0;-1
0;0;-3;53;26;9.5;-1;-1;-1;-1;-1;-1;0;0;0;-1
0;0;11;51;27;9.5;-1;-1;-1;-1;-1;-1;0;0;0;-1
0;0;30;52;29;9.5;-1;-1;-1;-1;-1;-1;0;0;0;-1
0;0;44;53;28;9.5;-1;-1;-1;-1;-1;-1;0;0;0;-1
0;0;60;51;29;9.5;-1;-1;-1;-1;-1;-1;0;0;0;-1
0;0;75;51;28;9.5;-1;-1;-1;-1;-1;-1;0;0;0;-1
0;0;-52;72;28;9.5;-1;-1;-1;-1;-1;-1;0;0;0;-1
0;0;-34;72;28;9.5;-1;-1;-1;-1;-1;-1;0;0;0;-1
0;0;-19;69;28;9.5;-1;-1;-1;-1;-1;-1;0;0;0;-1
0;0;-4;69;28;9.5;-1;-1;-1;-1;-1;-1;0;0;0;-1
0;0;11;70;27;9.5;-1;-1;-1;-1;-1;-1;0;0;0;-1
0;0;27;71;27;9.5;-1;-1;-1;-1;-1;-1;0;0;0;-1
0;0;43;69;28;9.5;-1;-1;-1;-1;-1;-1;0;0;0;-1
0;0;60;71;28;9.5;-1;-1;-1;-1;-1;-1;0;0;0;-1
0;0;-35;89;28;9.5;-1;-1;-1;-1;-1;-1;0;0;0;-1
0;0;-19;89;26;9.5;-1;-1;-1;-1;-1;-1;0;0;0;-1
0;0;-3;91;28;9.5;-1;-1;-1;-1;-1;-1;0;0;0;-1
0;0;12;90;28;9.5;-1;-1;-1;-1;-1;-1;0;0;0;-1
0;0;27;89;26;9.5;-1;-1;-1;-1;-1;-1;0;0;0;-1
0;0;-36;-81;43;9.5;-1;-1;-1;-1;-1;-1;0;0;0;-1
0;0;-21;-81;44;9.5;-1;-1;-1;-1;-1;-1;0;0;0;-1
0;0;-3;-78;44;9.5;-1;-1;-1;-1;-1;-1;0;0;0;-1
0;0;12;-82;44;9.5;-1;-1;-1;-1;-1;-1;0;0;0;-1
0;0;27;-81;43;9.5;-1;-1;-1;-1;-1;-1;0;0;0;-1
0;0;-66;-60;45;9.5;-1;-1;-1;-1;-1;-1;0;0;0;-1
0;0;-51;-61;42;9.5;-1;-1;-1;-1;-1;-1;0;0;0;-1
0;0;-35;-63;46;9.5;-1;-1;-1;-1;-1;-1;0;0;0;-1
0;0;-19;-61;44;9.5;-1;-1;-1;-1;-1;-1;0;0;0;-1
0;0;-3;-62;46;9.5;-1;-1;-1;-1;-1;-1;0;0;0;-1
0;0;14;-61;45;9.5;-1;-1;-1;-1;-1;-1;0;0;0;-1
0;0;29;-61;44;9.5;-1;-1;-1;-1;-1;-1;0;0;0;-1
0;0;45;-62;45;9.5;-1;-1;-1;-1;-1;-1;0;0;0;-1
0;0;61;-62;43;9.5;-1;-1;-1;-1;-1;-1;0;0;0;-1
0;0;-68;-42;43;9.5;-1;-1;-1;-1;-1;-1;0;0;0;-1
0;0;-51;-44;45;9.5;-1;-1;-1;-1;-1;-1;0;0;0;-1
0;0;-35;-45;43;9.5;-1;-1;-1;-1;-1;-1;0;0;0;-1
0;0;-20;-44;44;9.5;-1;-1;-1;-1;-1;-1;0;0;0;-1
0;0;-2;-43;43;9.5;-1;-1;-1;-1;-1;-1;0;0;0;-1
0;0;12;-42;42;9.5;-1;-1;-1;-1;-1;-1;0;0;0;-1
0;0;28;-43;44;9.5;-1;-1;-1;-1;-1;-1;0;0;0;-1
0;0;44;-42;45;9.5;-1;-1;-1;-1;-1;-1;0;0;0;-1
0;0;62;-43;44;9.5;-1;-1;-1;-1;-1;-1;0;0;0;-1
0;0;76;-41;43;9.5;-1;-1;-1;-1;-1;-1;0;0;0;-1
0;0;-84;-23;46;9.5;-1;-1;-1;-1;-1;-1;0;0;0;-1
0;0;-67;-23;45;9.5;-1;-1;-1;-1;-1;-1;0;0;0;-1
0;0;-51;-22;43;9.5;-1;-1;-1;-1;-1;-1;0;0;0;-1
0;0;-37;-26;45;9.5;-1;-1;-1;-1;-1;-1;0;0;0;-1
0;0;-18;-24;44;9.5;-1;-1;-1;-1;-1;-1;0;0;0;-1
0;0;-3;-24;44;9.5;-1;-1;-1;-1;-1;-1;0;0;0;-1
0;0;12;-24;44;9.5;-1;-1;-1;-1;-1;-1;0;0;0;-1
0;0;28;-23;45;9.5;-1;-1;-1;-1;-1;-1;0;0;0;-1
0;0;44;-22;43;9.5;-1;-1;-1;-1;-1;-1;0;0;0;-1
0;0;59;-21;43;9.5;-1;-1;-1;-1;-1;-1;0;0;0;-1
0;0;76;-24;44;9.5;-1;-1;-1;-1;-1;-1;0;0;0;-1
0;0;-83;-4;45;9.5;-1;-1;-1;-1;-1;-1;0;0;0;-1
0;0;-67;-5;46;9.5;-1;-1;-1;-1;-1;-1;0;0;0;-1
0;0;-51;-5;46;9.5;-1;-1;-1;-1;-1;-1;0;0;0;-1
0;0;-35;-4;44;9.5;-1;-1;-1;-1;-1;-1;0;0;0;-1
0;0;-19;-3;43;9.5;-1;-1;-1;-1;-1;-1;0;0;0;-1
0;0;-4;-4;44;9.5;-1;-1;-1;-1;-1;-1;0;0;0;-1
0;0;12;-3;43;9.5;-1;-1;-1;-1;-1;-1;0;0;0;-1
0;0;28;-4;43;9.5;-1;-1;-1;-1;-1;-1;0;0;0;-1
0;0;45;-5;44;9.5;-1;-1;-1;-1;-1;-1;0;0;0;-1
0;0;60;-4;44;9.5;-1;-1;-1;-1;-1;-1;0;0;0;-1
0;0;75;-4;46;9.5;-1;-1;-1;-1;-1;-1;0;0;0;-1
0;0;-83;14;45;9.5;-1;-1;-1;-1;-1;-1;0;0;0;-1
0;0;-67;14;45;9.5;-1;-1;-1;-1;-1;-1;0;0;0;-1
0;0;-51;13;44;9.5;-1;-1;-1;-1;-1;-1;0;0;0;-1
0;0;-34;14;45;9.5;-1;-1;-1;-1;-1;-1;0;0;0;-1
0;0;-17;14;45;9.5;-1;-1;-1;-1;-1;-1;0;0;0;-1
0;0;-3;14;44;9.5;-1;-1;-1;-1;-1;-1;0;0;0;-1
0;0;12;12;43;9.5;-1;-1;-1;-1;-1;-1;0;0;0;-1
0;0;29;13;43;9.5;-1;-1;-1;-1;-1;-1;0;0;0;-1
0;0;44;11;44;9.5;-1;-1;-1;-1;-1;-1;0;0;0;-1
0;0;61;12;44;9.5;-1;-1;-1;-1;-1;-1;0;0;0;-1
0;0;74;15;44;9.5;-1;-1;-1;-1;-1;-1;0;0;0;-1
0;0;-83;31;46;9.5;-1;-1;-1;-1;-1;-1;0;0;0;-1
0;0;-67;32;44;9.5;-1;-1;-1;-1;-1;-1;0;0;0;-1
0;0;-51;33;42;9.5;-1;-1;-1;-1;-1;-1;0;0;0;-1
0;0;-35;34;42;9.5;-1;-1;-1;-1;-1;-1;0;0;0;-1
0;0;-18;31;44;9.5;-1;-1;-1;-1;-1;-1;0;0;0;-1
0;0;-4;32;43;9.5;-1;-1;-1;-1;-1;-1;0;0;0;-1
0;0;13;34;45;9.5;-1;-1;-1;-1;-1;-1;0;0;0;-1
0;0;25;33;43;9.5;-1;-1;-1;-1;-1;-1;0;0;0;-1
0;0;45;31;44;9.5;-1;-1;-1;-1;-1;-1;0;0;0;-1
0;0;62;32;45;9.5;-1;-1;-1;-1;-1;-1;0;0;0;-1
0;0;75;33;45;9.5;-1;-1;-1;-1;-1;-1;0;0;0;-1
0;0;-67;50;43;9.5;-1;-1;-1;-1;-1;-1;0;0;0;-1
0;0;-49;53;43;9.5;-1;-1;-1;-1;-1;-1;0;0;0;-1
0;0;-34;52;43;9.5;-1;-1;-1;-1;-1;-1;0;0;0;-1
0;0;-18;52;43;9.5;-1;-1;-1;-1;-1;-1;0;0;0;-1
0;0;-5;54;45;9.5;-1;-1;-1;-1;-1;-1;0;0;0;-1
0;0;11;51;44;9.5;-1;-1;-1;-1;-1;-1;0;0;0;-1
0;0;28;52;45;9.5;-1;-1;-1;-1;-1;-1;0;0;0;-1
0;0;44;52;44;9.5;-1;-1;-1;-1;-1;-1;0;0;0;-1
0;0;60;52;44;9.5;-1;-1;-1;-1;-1;-1;0;0;0;-1
0;0;-53;71;43;9.5;-1;-1;-1;-1;-1;-1;0;0;0;-1
0;0;-35;70;45;9.5;-1;-1;-1;-1;-1;-1;0;0;0;-1
0;0;-20;69;42;9.5;-1;-1;-1;-1;-1;-1;0;0;0;-1
0;0;-3;69;45;9.5;-1;-1;-1;-1;-1;-1;0;0;0;-1
0;0;13;71;44;9.5;-1;-1;-1;-1;-1;-1;0;0;0;-1
0;0;28;71;44;9.5;-1;-1;-1;-1;-1;-1;0;0;0;-1
0;0;45;69;44;9.5;-1;-1;-1;-1;-1;-1;0;0;0;-1
0;0;-4;89;43;9.5;-1;-1;-1;-1;-1;-1;0;0;0;-1
0;0;-35;-61;61;9.5;-1;-1;-1;-1;-1;-1;0;0;0;-1
0;0;-20;-61;60;9.5;-1;-1;-1;-1;-1;-1;0;0;0;-1
0;0;-3;-62;60;9.5;-1;-1;-1;-1;-1;-1;0;0;0;-1
0;0;13;-62;60;9.5;-1;-1;-1;-1;-1;-1;0;0;0;-1
0;0;30;-61;61;9.5;-1;-1;-1;-1;-1;-1;0;0;0;-1
0;0;42;-62;59;9.5;-1;-1;-1;-1;-1;-1;0;0;0;-1
0;0;-51;-43;61;9.5;-1;-1;-1;-1;-1;-1;0;0;0;-1
0;0;-35;-43;60;9.5;-1;-1;-1;-1;-1;-1;0;0;0;-1
0;0;-19;-42;59;9.5;-1;-1;-1;-1;-1;-1;0;0;0;-1
0;0;-5;-42;61;9.5;-1;-1;-1;-1;-1;-1;0;0;0;-1
0;0;13;-42;61;9.5;-1;-1;-1;-1;-1;-1;0;0;0;-1
0;0;28;-41;59;9.5;-1;-1;-1;-1;-1;-1;0;0;0;-1
0;0;43;-43;61;9.5;-1;-1;-1;-1;-1;-1;0;0;0;-1
0;0;59;-43;60;9.5;-1;-1;-1;-1;-1;-1;0;0;0;-1
0;0;-66;-24;60;9.5;-1;-1;-1;-1;-1;-1;0;0;0;-1
0;0;-51;-24;61;9.5;-1;-1;-1;-1;-1;-1;0;0;0;-1
0;0;-34;-22;61;9.5;-1;-1;-1;-1;-1;-1;0;0;0;-1
0;0;-18;-25;60;9.5;-1;-1;-1;-1;-1;-1;0;0;0;-1
0;0;-3;-24;60;9.5;-1;-1;-1;-1;-1;-1;0;0;0;-1
0;0;11;-23;59;9.5;-1;-1;-1;-1;-1;-1;0;0;0;-1
0;0;28;-24;60;9.5;-1;-1;-1;-1;-1;-1;0;0;0;-1
0;0;43;-26;60;9.5;-1;-1;-1;-1;-1;-1;0;0;0;-1
0;0;59;-25;57;9.5;-1;-1;-1;-1;-1;-1;0;0;0;-1
0;0;75;-25;60;9.5;-1;-1;-1;-1;-1;-1;0;0;0;-1
0;0;-66;-2;60;9.5;-1;-1;-1;-1;-1;-1;0;0;0;-1
0;0;-53;-4;60;9.5;-1;-1;-1;-1;-1;-1;0;0;0;-1
0;0;-36;-6;60;9.5;-1;-1;-1;-1;-1;-1;0;0;0;-1
0;0;-20;-6;60;9.5;-1;-1;-1;-1;-1;-1;0;0;0;-1
0;0;-2;-5;58;9.5;-1;-1;-1;-1;-1;-1;0;0;0;-1
0;0;12;-4;60;9.5;-1;-1;-1;-1;-1;-1;0;0;0;-1
0;0;30;-5;61;9.5;-1;-1;-1;-1;-1;-1;0;0;0;-1
0;0;43;-4;60;9.5;-1;-1;-1;-1;-1;-1;0;0;0;-1
0;0;59;-5;61;9.5;-1;-1;-1;-1;-1;-1;0;0;0;-1
0;0;76;-5;58;9.5;-1;-1;-1;-1;-1;-1;0;0;0;-1
0;0;-67;14;61;9.5;-1;-1;-1;-1;-1;-1;0;0;0;-1
0;0;-51;14;59;9.5;-1;-1;-1;-1;-1;-1;0;0;0;-1
0;0;-35;12;60;9.5;-1;-1;-1;-1;-1;-1;0;0;0;-1
0;0;-18;14;60;9.5;-1;-1;-1;-1;-1;-1;0;0;0;-1
0;0;-4;15;59;9.5;-1;-1;-1;-1;-1;-1;0;0;0;-1
0;0;11;14;61;9.5;-1;-1;-1;-1;-1;-1;0;0;0;-1
0;0;28;13;58;9.5;-1;-1;-1;-1;-1;-1;0;0;0;-1
0;0;44;13;58;9.5;-1;-1;-1;-1;-1;-1;0;0;0;-1
0;0;61;13;59;9.5;-1;-1;-1;-1;-1;-1;0;0;0;-1
0;0;77;13;61;9.5;-1;-1;-1;-1;-1;-1;0;0;0;-1
0;0;-67;32;59;9.5;-1;-1;-1;-1;-1;-1;0;0;0;-1
0;0;-51;33;61;9.5;-1;-1;-1;-1;-1;-1;0;0;0;-1
0;0;-36;31;60;9.5;-1;-1;-1;-1;-1;-1;0;0;0;-1
0;0;-18;34;60;9.5;-1;-1;-1;-1;-1;-1;0;0;0;-1
0;0;-3;31;59;9.5;-1;-1;-1;-1;-1;-1;0;0;0;-1
0;0;11;33;61;9.5;-1;-1;-1;-1;-1;-1;0;0;0;-1
0;0;28;34;59;9.5;-1;-1;-1;-1;-1;-1;0;0;0;-1
0;0;44;31;59;9.5;-1;-1;-1;-1;-1;-1;0;0;0;-1
0;0;59;33;58;9.5;-1;-1;-1;-1;-1;-1;0;0;0;-1
0;0;-52;50;59;9.5;-1;-1;-1;-1;-1;-1;0;0;0;-1
0;0;-35;50;59;9.5;-1;-1;-1;-1;-1;-1;0;0;0;-1
0;0;-19;52;59;9.5;-1;-1;-1;-1;-1;-1;0;0;0;-1
0;0;-3;52;60;9.5;-1;-1;-1;-1;-1;-1;0;0;0;-1
0;0;11;51;59;9.5;-1;-1;-1;-1;-1;-1;0;0;0;-1
0;0;28;50;60;9.5;-1;-1;-1;-1;-1;-1;0;0;0;-1
0;0;44;53;60;9.5;-1;-1;-1;-1;-1;-1;0;0;0;-1
0;0;61;51;59;9.5;-1;-1;-1;-1;-1;-1;0;0;0;-1
0;0;-37;69;58;9.5;-1;-1;-1;-1;-1;-1;0;0;0;-1
0;0;-19;71;59;9.5;-1;-1;-1;-1;-1;-1;0;0;0;-1
0;0;-3;70;60;9.5;-1;-1;-1;-1;-1;-1;0;0;0;-1
0;0;12;69;61;9.5;-1;-1;-1;-1;-1;-1;0;0;0;-1
0;0;28;72;61;9.5;-1;-1;-1;-1;-1;-1;0;0;0;-1
0;0;-19;-60;75;9.5;-1;-1;-1;-1;-1;-1;0;0;0;-1
0;0;-2;-62;75;9.5;-1;-1;-1;-1;-1;-1;0;0;0;-1
0;0;10;-61;77;9.5;-1;-1;-1;-1;-1;-1;0;0;0;-1
0;0;-50;-42;75;9.5;-1;-1;-1;-1;-1;-1;0;0;0;-1
0;0;-35;-43;77;9.5;-1;-1;-1;-1;-1;-1;0;0;0;-1
0;0;-19;-43;76;9.5;-1;-1;-1;-1;-1;-1;0;0;0;-1
0;0;-5;-42;77;9.5;-1;-1;-1;-1;-1;-1;0;0;0;-1
0;0;13;-44;75;9.5;-1;-1;-1;-1;-1;-1;0;0;0;-1
0;0;28;-43;77;9.5;-1;-1;-1;-1;-1;-1;0;0;0;-1
0;0;44;-43;77;9.5;-1;-1;-1;-1;-1;-1;0;0;0;-1
0;0;-50;-22;77;9.5;-1;-1;-1;-1;-1;-1;0;0;0;-1
0;0;-35;-23;76;9.5;-1;-1;-1;-1;-1;-1;0;0;0;-1
0;0;-19;-24;77;9.5;-1;-1;-1;-1;-1;-1;0;0;0;-1
0;0;-4;-23;76;9.5;-1;-1;-1;-1;-1;-1;0;0;0;-1
0;0;12;-24;77;9.5;-1;-1;-1;-1;-1;-1;0;0;0;-1
0;0;29;-23;74;9.5;-1;-1;-1;-1;-1;-1;0;0;0;-1
0;0;44;-22;76;9.5;-1;-1;-1;-1;-1;-1;0;0;0;-1
0;0;59;-24;76;9.5;-1;-1;-1;-1;-1;-1;0;0;0;-1
0;0;-51;-4;77;9.5;-1;-1;-1;-1;-1;-1;0;0;0;-1
0;0;-35;-4;74;9.5;-1;-1;-1;-1;-1;-1;0;0;0;-1
0;0;-17;-6;76;9.5;-1;-1;-1;-1;-1;-1;0;0;0;-1
0;0;-2;-6;76;9.5;-1;-1;-1;-1;-1;-1;0;0;0;-1
0;0;12;-4;74;9.5;-1;-1;-1;-1;-1;-1;0;0;0;-1
0;0;27;-6;76;9.5;-1;-1;-1;-1;-1;-1;0;0;0;-1
0;0;43;-6;75;9.5;-1;-1;-1;-1;-1;-1;0;0;0;-1
0;0;60;-5;76;9.5;-1;-1;-1;-1;-1;-1;0;0;0;-1
0;0;-51;16;75;9.5;-1;-1;-1;-1;-1;-1;0;0;0;-1
0;0;-35;14;75;9.5;-1;-1;-1;-1;-1;-1;0;0;0;-1
0;0;-21;13;76;9.5;-1;-1;-1;-1;-1;-1;0;0;0;-1
0;0;-3;14;76;9.5;-1;-1;-1;-1;-1;-1;0;0;0;-1
0;0;11;14;77;9.5;-1;-1;-1;-1;-1;-1;0;0;0;-1
0;0;28;10;76;9.5;-1;-1;-1;-1;-1;-1;0;0;0;-1
0;0;46;14;78;9.5;-1;-1;-1;-1;-1;-1;0;0;0;-1
0;0;60;14;74;9.5;-1;-1;-1;-1;-1;-1;0;0;0;-1
0;0;-50;32;76;9.5;-1;-1;-1;-1;-1;-1;0;0;0;-1
0;0;-34;34;75;9.5;-1;-1;-1;-1;-1;-1;0;0;0;-1
0;0;-18;34;77;9.5;-1;-1;-1;-1;-1;-1;0;0;0;-1
0;0;-2;34;75;9.5;-1;-1;-1;-1;-1;-1;0;0;0;-1
0;0;10;32;76;9.5;-1;-1;-1;-1;-1;-1;0;0;0;-1
0;0;27;33;77;9.5;-1;-1;-1;-1;-1;-1;0;0;0;-1
0;0;44;32;76;9.5;-1;-1;-1;-1;-1;-1;0;0;0;-1
0;0;-32;53;75;9.5;-1;-1;-1;-1;-1;-1;0;0;0;-1
0;0;-20;51;76;9.5;-1;-1;-1;-1;-1;-1;0;0;0;-1
0;0;-3;52;76;9.5;-1;-1;-1;-1;-1;-1;0;0;0;-1
0;0;11;52;77;9.5;-1;-1;-1;-1;-1;-1;0;0;0;-1
0;0;28;51;77;9.5;-1;-1;-1;-1;-1;-1;0;0;0;-1
0;0;-17;-25;94;9.5;-1;-1;-1;-1;-1;-1;0;0;0;-1
0;0;-3;-23;92;9.5;-1;-1;-1;-1;-1;-1;0;0;0;-1
0;0;13;-24;92;9.5;-1;-1;-1;-1;-1;-1;0;0;0;-1
0;0;30;-23;91;9.5;-1;-1;-1;-1;-1;-1;0;0;0;-1
0;0;-35;-5;93;9.5;-1;-1;-1;-1;-1;-1;0;0;0;-1
0;0;-18;-4;92;9.5;-1;-1;-1;-1;-1;-1;0;0;0;-1
0;0;-2;-4;94;9.5;-1;-1;-1;-1;-1;-1;0;0;0;-1
0;0;13;-5;90;9.5;-1;-1;-1;-1;-1;-1;0;0;0;-1
0;0;25;-4;92;9.5;-1;-1;-1;-1;-1;-1;0;0;0;-1
0;0;-18;12;90;9.5;-1;-1;-1;-1;-1;-1;0;0;0;-1
0;0;-3;15;93;9.5;-1;-1;-1;-1;-1;-1;0;0;0;-1
0;0;13;11;92;9.5;-1;-1;-1;-1;-1;-1;0;0;0;-1
0;0;28;11;92;9.5;-1;-1;-1;-1;-1;-1;0;0;0;-1
0;0;-21;32;92;9.5;-1;-1;-1;-1;-1;-1;0;0;0;-1
0;0;-3;32;91;9.5;-1;-1;-1;-1;-1;-1;0;0;0;-1
